Start
start function: TotalAS [20151002_140225] 
BA
BA:28135 18881 3549 3356 19855 26121 26121 26121 26121 26121
BA:53242 12956 6453 4323 26121
BA:53242 12956 3320 26121
BA:28135 18881 20121
BA:28135 18881 3549 3320 26121
BEL
BEL:53237 12956 4323 26121
BEL:262492 4230 3320 26121
BEL:262492 4230 3356 4323 26121
BEL:53237 12956 3320 26121
CAS
CAS:52579 262659 20121
CAS:53116 20121
CAS:52579 262659 12989 4323 26121
CAS:53116 10429 12956 3320 26121
CAS:28580 3549 3356 19855 26121 26121 26121 26121 26121
CAS:53116 10429 12956 7018 4323 26121
CAS:28580 3549 3320 26121
CAS:52579 3549 3320 26121
CE
CE:1916 3356 3320 26121
CE:28598 12956 3320 26121
CE:262475 4230 3356 4323 26121
CE:1916 3356 4323 26121
CE:28598 12956 4323 26121
CE:262475 4230 3320 26121
CGB
CGB:262526 18881 3549 3356 19855 26121 26121 26121 26121 26121
CGB:28602 4230 3320 26121
CGB:28602 4230 3257 4323 26121
CGB:262526 18881 3549 3320 26121
CGB:28635 262526 18881 3549 3320 26121
CGB:28635 262526 18881 3549 3356 19855 26121 26121 26121 26121 26121
CPV
CPV:1916 3356 3320 26121
CPV:28135 18881 3549 3356 4323 26121
CPV:262773 18881 20121
CPV:1916 3356 4323 26121
CPV:28135 18881 20121
CPV:28135 18881 3549 3320 26121
CXJ
CXJ:28169 20121
CXJ:28169 8167 7738 6453 4323 26121
CXJ:28169 18881 3549 3320 26121
DF
DF:53237 12956 4323 26121
DF:53237 3549 3320 26121
GYN
GYN:53237 12956 4323 26121
GYN:262476 20121
GYN:53237 3549 3320 26121
LAJ
LAJ:25933 6762 6453 4323 26121
LAJ:25933 3549 3320 26121
LAJ:25933 20121
LAJ:52751 20121
LDA
MAO
MAO:263450 263434 26615 6762 6453 4323 26121
MAO:263450 263434 26615 6762 3320 26121
MG
MG:1916 3356 3320 26121
MG:28360 16735 3549 3320 26121
MG:1916 3356 4323 26121
MG:28360 16735 3549 3356 4323 26121
MGF
MGF:14868 3549 3320 26121
MGF:14868 16735 52320 2828 4323 26121
NAT
NAT:28135 18881 3549 3356 19855 26121 26121 26121 26121 26121
NAT:262876 7738 6453 4323 26121
NAT:262876 1916 20121
NAT:1916 20080 2914 4323 26121
NAT:262876 7738 3320 26121
NAT:1916 3356 3320 26121
NAT:28135 18881 20121
NAT:28135 18881 3549 3320 26121
PE
PE:28615 262859 18881 20121
PE:1916 3356 3320 26121
PE:28615 262859 3549 3320 26121
PE:1916 3356 4323 26121
PE:28615 262859 3549 3356 4323 26121
PR
RJ
RJ:28271 6762 6453 4323 26121
RJ:28271 6762 3320 26121
RJ:1916 20080 2914 4323 26121
RJ:1916 3356 3320 26121
RJ:52962 262589 27724 53082 20121
RS
RS:2716 1916 3356 3320 26121
RS:52828 14840 6453 3320 26121
RS:264435 28141 18881 3549 3320 26121
RS:52851 52770 262429 12989 4323 26121
RS:53237 12956 4323 26121
RS:1916 20080 2914 4323 26121
RS:263003 25933 3549 3320 26121
RS:52681 25933 26615 6762 6453 4323 26121
RS:52734 25933 3549 3320 26121
RS:52681 25933 3549 3320 26121
RS:53237 3549 3320 26121
RS:262732 25933 26615 6762 6453 4323 26121
RS:52920 25933 26615 6762 6453 4323 26121
RS:1916 3356 3320 26121
RS:53197 3549 3320 26121
RS:262879 25933 3549 3320 26121
RS:52851 25933 3549 3320 26121
RS:52770 262429 12989 4323 26121
RS:262308 3549 3320 26121
RS:28605 18881 3549 3320 26121
RS:53197 52770 262429 12989 4323 26121
RS:52694 14840 6453 3320 26121
RS:52828 14840 6453 4323 26121
RS:61747 8167 7738 6453 4323 26121
RS:61747 8167 7738 3320 26121
RS:25933 3549 3320 26121
RS:262732 25933 3549 3320 26121
RS:22177 12989 3549 3320 26121
RS:264435 28141 52770 262429 12989 4323 26121
RS:52770 262429 3549 3320 26121
RS:25933 3549 3356 19855 26121 26121 26121 26121 26121
RS:52869 14840 6453 3320 26121
RS:263003 25933 26615 6762 6453 4323 26121
RS:52869 14840 6453 4323 26121
RS:52694 14840 6453 4323 26121
RS:52920 18881 3549 3320 26121
RS:28141 52770 262429 12989 4323 26121
RS:28141 18881 3549 3320 26121
RS:52734 25933 26615 6762 6453 4323 26121
RS:262308 3549 3356 19855 26121 26121 26121 26121 26121
RS:28605 18881 3549 3356 19855 26121 26121 26121 26121 26121
RS:52751 14840 6453 3320 26121
RS:22177 12989 4323 26121
RS:262879 25933 26615 6762 6453 4323 26121
RS:52751 14840 6453 4323 26121
SC
SC:1916 20080 2914 4323 26121
SC:1916 3356 3320 26121
SC:11242 1916 20080 2914 4323 26121
SC:11242 1916 3356 3320 26121
SC:11242 1916 20121
SCA
SCA:52888 20121
SCA:52888 1916 3356 3320 26121
SCA:52888 1251 20080 2914 4323 26121
SJC
SJP
SJP:52579 262659 20121
SJP:52579 262659 12989 4323 26121
SJP:52579 3549 3320 26121
SP
SP:20121
VIX
VIX:28139 262822 20121
VIX:52945 263080 7738 6453 4323 26121
VIX:262822 18881 3549 3356 4323 26121
VIX:263080 7738 3320 26121
VIX:52988 7738 3320 26121
VIX:262822 20121
VIX:52945 263080 20121
VIX:52988 20121
VIX:263080 7738 6453 4323 26121
VIX:52945 263080 7738 3320 26121
VIX:263080 20121
VIX:262822 18881 3549 3320 26121
VIX:52988 7738 6453 4323 26121
File was created successfully !!!
Total ASes: 49760
Execution time: 00h:14m:17s:484ms
Execution time (ms): 857484
End function: TotalAS
End
